#assi	0	0.05	0.1	0.15	0.2	0.25	0.3	0.4	0.5	0.6	0.7	0.8	1.0	dIntensity	Volume(1)	Volume(2)	Volume(3)	Volume(4)	Volume(5)	Volume(6)	Volume(7)	Volume(8)	Volume(9)	Volume(10)	Volume(11)	Volume(12)	Volume(13)	dVolume
6Va	6.52477e+06	5.68738e+06	5.18265e+06	4.69618e+06	4.32017e+06	3.86609e+06	3.49144e+06	2.92656e+06	2.43554e+06	2.06315e+06	1.75967e+06	1.41432e+06	1.00264e+06	30,851	99,162.3	86,435.8	78,765	71,371.7	65,657.1	58,756.2	53,062.3	44,477.4	37,015	31,355.4	26,743.2	21,494.6	15,238	468.868
2Ma	8.27832e+06	7.44627e+06	6.69811e+06	6.07547e+06	5.60067e+06	5.17999e+06	4.78064e+06	3.9786e+06	3.40246e+06	2.86217e+06	2.47518e+06	2.12498e+06	1.54051e+06	30,851	121,633	109,408	98,415.5	89,266.9	82,290.8	76,109.6	70,242	58,457.7	49,992.4	42,053.8	36,367.9	31,222.3	22,634.7	453.294
20Sa	8.25501e+06	7.42467e+06	6.71441e+06	6.14146e+06	5.61405e+06	5.18082e+06	4.75776e+06	3.93946e+06	3.35113e+06	2.79111e+06	2.37666e+06	2.03905e+06	1.47772e+06	30,851	123,086	110,705	100,115	91,571.8	83,707.8	77,248.2	70,940.1	58,738.9	49,966.8	41,616.6	35,437	30,403.2	22,033.4	460.002
2Mb	3.69039e+06	3.34785e+06	3.24367e+06	2.93545e+06	2.80951e+06	2.59638e+06	2.31908e+06	2.09887e+06	1.88322e+06	1.5987e+06	1.41394e+06	1.21876e+06	996,235	30,851	38,230.3	34,681.8	33,602.5	30,409.6	29,104.9	26,897	24,024.4	21,743	19,509	16,561.6	14,647.6	12,625.6	10,320.4	319.599
2Mba	3,781.88	46,725.7	42,827.2	54,447.3	109,541	143,111	168,337	132,141	154,728	152,495	129,429	157,449	131,241	30,851	155.621	1,922.73	1,762.3	2,240.46	4,507.51	5,888.9	6,926.92	5,437.49	6,366.95	6,275.03	5,325.92	6,478.9	5,400.45	1,269.49
2Mab	-7,212.95	62,408.5	127,652	123,816	187,252	181,700	176,245	243,525	269,454	253,448	200,669	195,347	189,053	30,851	-2.40347e+12	2.07955e+13	4.25356e+13	4.12575e+13	6.23952e+13	6.05452e+13	5.87277e+13	8.11464e+13	8.97863e+13	8.4453e+13	6.68662e+13	6.50928e+13	6.29956e+13	1.028e+13
10Ta	8.51084e+06	7.66569e+06	6.96131e+06	6.35528e+06	5.85092e+06	5.34864e+06	4.91356e+06	4.19968e+06	3.56351e+06	3.0712e+06	2.67147e+06	2.24258e+06	1.61804e+06	30,851	110,588	99,606.2	90,453.7	82,579	76,025.5	69,499	63,845.6	54,569.7	46,303.4	39,906.4	34,712.4	29,139.5	21,024.5	400.871
10Tb	2.57822e+06	2.33011e+06	2.12707e+06	1.92246e+06	1.78372e+06	1.64005e+06	1.4692e+06	1.27971e+06	1.03561e+06	900,604	795,420	654,899	525,187	30,851	35,199.2	31,811.8	29,039.9	26,246.4	24,352.3	22,390.8	20,058.3	17,471.3	14,138.7	12,295.5	10,859.5	8,941.02	7,170.13	421.194
10Tab	48,701	35,265.2	131,285	129,299	149,773	151,117	121,483	181,773	179,935	170,489	270,419	182,586	137,699	30,851	18,342.3	13,282	49,446.1	48,697.8	56,409.2	56,915.5	45,754.3	68,461.4	67,769.1	64,211.3	101,848	68,767.4	51,861.8	11,619.4
10Tba	-18,574.6	7,131.68	57,818.5	56,577.7	130,447	151,008	138,090	225,648	194,779	200,670	217,119	215,190	217,144	30,851	-101.678	39.0393	316.502	309.71	714.073	826.628	755.912	1,235.21	1,066.23	1,098.48	1,188.53	1,177.96	1,188.66	168.88
40Da	8.28568e+06	7.35001e+06	6.5956e+06	5.99539e+06	5.43781e+06	4.94135e+06	4.50647e+06	3.74132e+06	3.09594e+06	2.62185e+06	2.12839e+06	1.85202e+06	1.29103e+06	30,851	100,563	89,206.9	80,050.6	72,766	65,998.5	59,973.1	54,694.9	45,408.4	37,575.3	31,821.3	25,832.2	22,477.9	15,669.1	374.438
40Db	3.07393e+06	2.69436e+06	2.44244e+06	2.17095e+06	1.97386e+06	1.90594e+06	1.70399e+06	1.42431e+06	1.21869e+06	1.061e+06	868,272	719,885	483,066	30,851	30,977.4	27,152.2	24,613.5	21,877.6	19,891.5	19,207	17,171.9	14,353.4	12,281.2	10,692.1	8,749.96	7,254.6	4,868.07	310.899
40Dba	-1,326.88	83,698.7	115,492	197,986	250,979	325,513	333,679	264,608	372,870	314,395	236,056	330,062	257,914	30,851	-523.514	33,023	45,566.8	78,114.4	99,022.9	128,430	131,652	104,400	147,114	124,043	93,135	130,225	101,759	12,172.1
67Ta	6.80344e+06	5.9888e+06	5.47634e+06	4.94012e+06	4.43309e+06	4.08995e+06	3.77359e+06	3.17816e+06	2.70039e+06	2.31526e+06	1.91336e+06	1.5881e+06	1.22407e+06	30,851	109,752	96,610.6	88,343.8	79,693.5	71,514.1	65,978.7	60,875.2	51,269.8	43,562.5	37,349.6	30,866.1	25,619	19,746.6	497.685
54Ga	5.20791e+06	4.71316e+06	4.33872e+06	3.91813e+06	3.4797e+06	3.2125e+06	2.90108e+06	2.41023e+06	2.02e+06	1.71022e+06	1.43811e+06	1.1976e+06	861,503	30,851	84,457.5	76,434	70,361.7	63,541	56,430.8	52,097.7	47,047.3	39,087.1	32,758.6	27,734.9	23,322.1	19,421.7	13,971.1	500.316
54Gb	3.48838e+06	3.21608e+06	2.91378e+06	2.65847e+06	2.44395e+06	2.23497e+06	2.03725e+06	1.73081e+06	1.45321e+06	1.28385e+06	1.12256e+06	960,935	652,229	30,851	42,544.4	39,223.4	35,536.6	32,422.8	29,806.5	27,257.8	24,846.4	21,109	17,723.5	15,657.9	13,690.8	11,719.6	7,954.61	376.26
54Gba	-29,015.9	48,936.5	56,724.2	118,104	82,427.1	149,675	95,761.6	89,761.5	157,458	164,584	125,400	123,885	95,781.2	30,851	-29.8589	50.3582	58.3721	121.535	84.8217	154.023	98.5436	92.3692	162.032	169.365	129.043	127.484	98.5638	31.7473
54Gab	-53,162.3	6,917.25	26,930.8	82,458.4	89,340.7	117,073	90,204.7	172,648	210,085	149,414	162,297	163,709	119,428	30,851	-236.107	30.7211	119.606	366.217	396.783	519.948	400.62	766.772	933.037	663.583	720.799	727.068	530.407	137.017
55Ra	7.67225e+06	6.94456e+06	6.25009e+06	5.67199e+06	5.22194e+06	4.77484e+06	4.33342e+06	3.69674e+06	3.22051e+06	2.67307e+06	2.27922e+06	1.97313e+06	1.39498e+06	30,851	104,380	94,479.9	85,031.7	77,166.8	71,043.9	64,961.1	58,955.6	50,293.7	43,814.7	36,366.7	31,008.6	26,844.2	18,978.5	419.724
55Rb	3.5437e+06	3.32071e+06	2.97343e+06	2.7366e+06	2.46572e+06	2.42503e+06	2.18378e+06	1.81999e+06	1.60609e+06	1.34543e+06	1.12732e+06	1.04944e+06	736,238	30,851	98,573.1	92,370.3	82,710.3	76,122.5	68,587.4	67,455.8	60,745.1	50,625.5	44,675.8	37,425	31,358.1	29,191.6	20,479.5	858.166
26Na	8.23935e+06	7.37488e+06	6.74003e+06	6.17032e+06	5.56156e+06	5.109e+06	4.66773e+06	3.89408e+06	3.33248e+06	2.7884e+06	2.33627e+06	2.0259e+06	1.42926e+06	30,851	106,782	95,578.5	87,350.8	79,967.4	72,077.9	66,212.7	60,493.8	50,467.3	43,188.9	36,137.7	30,278.1	26,255.7	18,523.2	399.829
55Rab	-53,372.3	105,264	56,884.6	141,132	168,551	335,863	279,005	228,774	338,814	308,954	287,833	322,769	217,966	30,851	-290.912	573.752	310.056	769.259	918.709	1,830.66	1,520.75	1,246.96	1,846.75	1,683.99	1,568.87	1,759.29	1,188.05	168.157
61Na	6.67949e+06	5.90513e+06	5.24288e+06	4.72143e+06	4.32029e+06	3.8524e+06	3.62005e+06	2.98031e+06	2.49355e+06	2.16285e+06	1.81032e+06	1.49858e+06	1.12631e+06	30,851	96,028.9	84,896.1	75,375.3	67,878.6	62,111.5	55,384.8	52,044.3	42,847	35,848.9	31,094.6	26,026.4	21,544.6	16,192.5	443.535
67Tb	4.28581e+06	3.89776e+06	3.45733e+06	3.10082e+06	2.85558e+06	2.56793e+06	2.41551e+06	2.06716e+06	1.75977e+06	1.43728e+06	1.30726e+06	1.07464e+06	801,489	30,851	58,657.8	53,346.8	47,318.8	42,439.4	39,082.9	35,146	33,059.9	28,292.2	24,085.1	19,671.4	17,891.8	14,708.1	10,969.6	422.243
56Tb	3.46816e+06	3.0781e+06	2.70685e+06	2.45067e+06	2.24381e+06	2.05451e+06	1.91521e+06	1.61709e+06	1.40302e+06	1.17589e+06	1.05184e+06	919,209	597,665	30,851	30,537.4	27,102.9	23,834	21,578.3	19,756.9	18,090.1	16,863.6	14,238.5	12,353.7	10,353.8	9,261.54	8,093.7	5,262.48	271.645
56Ta	6.47559e+06	5.73849e+06	5.17e+06	4.73413e+06	4.22631e+06	3.88799e+06	3.52604e+06	2.95286e+06	2.5112e+06	2.03424e+06	1.71103e+06	1.40637e+06	975,336	30,851	101,902	90,303	81,357	74,498	66,506.7	61,182.8	55,487.1	46,467.3	39,517.1	32,011.5	26,925.4	22,131.2	15,348.3	485.483
56Tba	28,934	22,144.7	117,720	141,004	114,954	178,114	134,301	129,444	140,276	134,627	119,153	143,350	87,212.4	30,851	2.8055e+20	2.14719e+20	1.14144e+21	1.36721e+21	1.11462e+21	1.72703e+21	1.3022e+21	1.25511e+21	1.36015e+21	1.30537e+21	1.15533e+21	1.38995e+21	8.45629e+20	2.99138e+20
34Ka	7.85884e+06	7.0259e+06	6.30819e+06	5.76477e+06	5.18425e+06	4.66016e+06	4.2736e+06	3.63839e+06	3.07106e+06	2.52541e+06	2.15194e+06	1.79915e+06	1.25683e+06	30,851	116,992	104,593	93,908.1	85,818.4	77,176.3	69,374.4	63,619.8	54,163.5	45,718	37,594.9	32,035.3	26,783.5	18,710.1	459.27
56Tab	66,716.4	63,109.3	57,394.8	51,158.7	46,521.1	43,791.2	40,885.6	35,957.8	30,913.5	26,758.6	24,426.6	20,361.4	12,641.1	30,851	2.08845e+08	1.97553e+08	1.79665e+08	1.60144e+08	1.45627e+08	1.37081e+08	1.27986e+08	1.1256e+08	9.67696e+07	8.37635e+07	7.64635e+07	6.37379e+07	3.9571e+07	9.6574e+07
68La	5.97336e+06	5.37894e+06	4.76701e+06	4.42516e+06	3.9535e+06	3.5857e+06	3.3136e+06	2.78866e+06	2.33227e+06	1.94e+06	1.59526e+06	1.33824e+06	959,310	30,851	98,775.6	88,946.2	78,827.4	73,174.4	65,375.1	59,293.2	54,793.8	46,113.4	38,566.5	32,079.9	26,379.3	22,129.2	15,863.2	510.153
68Lb	3.69425e+06	3.41246e+06	3.13164e+06	2.80323e+06	2.58429e+06	2.3689e+06	2.15607e+06	1.78432e+06	1.53621e+06	1.27862e+06	1.08869e+06	998,858	722,762	30,851	53,439.5	49,363.2	45,301	40,550.3	37,383.2	34,267.4	31,188.8	25,811.2	22,222.1	18,496	15,748.6	14,449.1	10,455.2	446.278
29Aa	7.88337e+06	7.0673e+06	6.36639e+06	5.69644e+06	5.23307e+06	4.73109e+06	4.22639e+06	3.59921e+06	3.02993e+06	2.53976e+06	2.13615e+06	1.79931e+06	1.25196e+06	30,851	109,148	97,849.4	88,145.1	78,869.3	72,453.9	65,503.7	58,515.9	49,832.4	41,950.6	35,163.9	29,575.8	24,912.1	17,333.9	427.144
29Ab	3.60117e+06	3.29267e+06	2.98474e+06	2.68753e+06	2.52394e+06	2.29334e+06	2.13141e+06	1.83166e+06	1.56931e+06	1.34593e+06	1.18252e+06	1.01205e+06	751,758	30,851	44,493.4	40,681.9	36,877.3	33,205.2	31,184	28,334.8	26,334.2	22,630.7	19,389.2	16,629.3	14,610.3	12,504.2	9,288.19	381.173
68Lab	-31,215.9	996.872	71,732.2	82,859.6	129,336	129,116	204,889	151,827	278,592	223,502	181,329	214,871	144,354	30,851	-8,048.82	257.037	18,495.7	21,364.8	33,348.5	33,291.7	52,829.3	39,147.5	71,833.1	57,628.5	46,754.4	55,402.9	37,220.6	7,954.72
68Lba	-101,904	3,984.45	17,923.2	79,951.9	60,416.3	124,732	173,418	182,373	212,973	145,997	133,002	197,127	127,408	30,851	-26,590.3	1,039.68	4,676.77	20,862.2	15,764.6	32,546.7	45,250.6	47,587.3	55,571.8	38,095.6	34,704.6	51,437.2	33,245	8,050.07
29Aab	37,902.8	59,551.5	90,421.7	126,981	146,822	196,417	185,810	198,080	222,901	232,677	168,970	261,591	139,909	30,851	3.3339e+12	5.23811e+12	7.95343e+12	1.11692e+13	1.29144e+13	1.72767e+13	1.63437e+13	1.7423e+13	1.96062e+13	2.04661e+13	1.48625e+13	2.30094e+13	1.23063e+13	2.71363e+12
67Tab	160,503	209,278	177,498	176,868	178,308	121,650	170,679	206,587	155,207	185,651	174,584	131,949	86,904	30,851	983.468	1,282.33	1,087.61	1,083.75	1,092.57	745.402	1,045.82	1,265.85	951.022	1,137.56	1,069.75	808.506	532.498	189.037
59Db	3.49048e+06	3.00603e+06	2.81536e+06	2.52471e+06	2.24454e+06	2.07386e+06	2.00221e+06	1.65637e+06	1.42353e+06	1.23377e+06	1.04634e+06	857,837	643,231	30,851	41,224.7	35,503.1	33,251.2	29,818.5	26,509.4	24,493.5	23,647.4	19,562.7	16,812.7	14,571.6	12,357.9	10,131.6	7,596.97	364.37
33Da	8.21258e+06	7.40621e+06	6.63448e+06	5.92661e+06	5.48006e+06	4.94712e+06	4.48551e+06	3.75576e+06	3.11743e+06	2.61704e+06	2.24949e+06	1.86192e+06	1.33036e+06	30,851	124,901	112,637	100,900	90,134.6	83,343.3	75,238.2	68,217.8	57,119.5	47,411.4	39,801.3	34,211.3	28,317	20,232.7	469.197
57La	6.81821e+06	6.05102e+06	5.37532e+06	4.84421e+06	4.32113e+06	3.98479e+06	3.53762e+06	2.95094e+06	2.39997e+06	1.97099e+06	1.58001e+06	1.30477e+06	916,719	30,851	103,391	91,757.5	81,511.2	73,457.4	65,525.4	60,425.2	53,644.3	44,747.9	36,393	29,888	23,959.2	19,785.5	13,901.1	467.824
41Qa	7.35191e+06	6.56293e+06	5.92889e+06	5.38309e+06	4.9551e+06	4.44822e+06	4.03518e+06	3.35543e+06	2.78181e+06	2.3043e+06	1.96643e+06	1.73232e+06	1.18075e+06	30,851	122,874	109,688	99,090.7	89,968.6	82,815.7	74,344	67,440.9	56,079.9	46,493	38,512.2	32,865.3	28,952.6	19,734.2	515.619
59Da	6.97252e+06	6.30683e+06	5.66313e+06	5.1115e+06	4.65335e+06	4.23101e+06	3.81594e+06	3.20055e+06	2.77765e+06	2.28667e+06	1.91293e+06	1.67809e+06	1.11622e+06	30,851	100,308	90,731.4	81,470.9	73,535.1	66,944	60,868.1	54,896.9	46,043.7	39,959.9	32,896.6	27,519.9	24,141.4	16,058.2	443.829
59Dab	65,540.2	94,637.4	89,543.2	130,888	126,176	155,230	216,723	155,709	205,052	218,282	191,262	186,481	144,205	30,851	9.5758e+16	1.38271e+17	1.30828e+17	1.91235e+17	1.84351e+17	2.268e+17	3.16645e+17	2.27499e+17	2.99592e+17	3.18922e+17	2.79444e+17	2.72459e+17	2.10692e+17	4.50751e+16
11Gb	3.21126e+06	2.88251e+06	2.59604e+06	2.38522e+06	2.17121e+06	1.96497e+06	1.83764e+06	1.59667e+06	1.38532e+06	1.12455e+06	1.018e+06	896,983	696,696	30,851	47,036.2	42,220.8	38,024.9	34,937	31,802.2	28,781.5	26,916.3	23,386.8	20,291.2	16,471.6	14,911	13,138.3	10,204.7	451.883
11Ga	8.88715e+06	8.04134e+06	7.30602e+06	6.60508e+06	5.98093e+06	5.50065e+06	5.08545e+06	4.28821e+06	3.65514e+06	3.07729e+06	2.65926e+06	2.26091e+06	1.6896e+06	30,851	120,311	108,861	98,906.1	89,417	80,967.5	74,465.7	68,844.9	58,052.2	49,481.9	41,659.2	36,000	30,607.3	22,873.2	417.649
36Ga	6.21731e+06	5.5805e+06	5.03764e+06	4.55573e+06	4.08821e+06	3.75873e+06	3.44474e+06	2.87238e+06	2.41841e+06	1.96359e+06	1.6637e+06	1.43644e+06	1.00676e+06	30,851	95,235.2	85,480.7	77,165.3	69,783.6	62,622.2	57,575.3	52,765.7	43,998.4	37,044.6	30,077.8	25,484.2	22,003	15,421.3	472.568
36Gb	3.12258e+06	2.81662e+06	2.6546e+06	2.41915e+06	2.21845e+06	2.08049e+06	1.81505e+06	1.53922e+06	1.30468e+06	1.20222e+06	1.00715e+06	863,439	627,937	30,851	58,425.5	52,700.8	49,669.2	45,263.9	41,508.7	38,927.2	33,960.8	28,799.7	24,411.4	22,494.4	18,844.5	16,155.5	11,749.1	577.242
76Ga	1.36261e+07	1.28468e+07	1.20994e+07	1.15017e+07	1.09292e+07	1.0351e+07	9.82166e+06	8.92217e+06	8.03836e+06	7.30258e+06	6.62871e+06	6.00747e+06	4.96899e+06	30,851	141,902	133,786	126,002	119,778	113,816	107,795	102,282	92,914.9	83,711	76,048.6	69,031	62,561.4	51,746.8	321.281
23Ta	1.08852e+07	1.00516e+07	9.32135e+06	8.57869e+06	8.06059e+06	7.48615e+06	7.0409e+06	6.11579e+06	5.36343e+06	4.71783e+06	4.10972e+06	3.66367e+06	2.90272e+06	30,851	194,871	179,947	166,874	153,578	144,303	134,019	126,048	109,487	96,017.7	84,459.9	73,573.4	65,588	51,965.3	552.304
36Gba	56,642.5	41,154.8	74,543	51,617.4	34,872.4	52,271.4	52,067.1	49,706.5	55,917.5	48,069.3	37,166.2	28,364.9	29,281.8	30,851	3.00838e+27	2.1858e+27	3.95911e+27	2.74149e+27	1.85213e+27	2.77622e+27	2.76538e+27	2.64e+27	2.96988e+27	2.55304e+27	1.97396e+27	1.50651e+27	1.55521e+27	1.63855e+27
36Gab	-13,319.9	-23,323.1	60,301.4	85,719.5	61,498.4	167,624	135,353	105,412	195,869	245,353	166,754	192,498	159,048	30,851	-4.65591e+13	-8.15249e+13	2.10781e+14	2.99629e+14	2.14965e+14	5.85922e+14	4.73119e+14	3.68463e+14	6.84652e+14	8.5762e+14	5.82882e+14	6.72868e+14	5.55946e+14	1.07838e+14
11Gab	25,431.7	84,099.5	92,301.3	143,442	128,188	162,893	211,319	237,775	261,898	220,302	293,832	251,609	226,699	30,851	12,738.5	42,124.8	46,233.1	71,848.9	64,208.2	81,592.1	105,848	119,100	131,183	110,348	147,178	126,029	113,552	15,453.1
