#assi	0	0.05	0.1	0.15	0.2	0.25	0.3	0.4	0.5	0.6	0.7	0.8	1.0	dIntensity	Volume(1)	Volume(2)	Volume(3)	Volume(4)	Volume(5)	Volume(6)	Volume(7)	Volume(8)	Volume(9)	Volume(10)	Volume(11)	Volume(12)	Volume(13)	dVolume
2Mab	3,850.64	141,065	272,173	314,534	363,885	375,295	522,687	514,990	520,482	515,166	491,704	476,659	403,655	32,346.8	57,058	2.09027e+06	4.033e+06	4.6607e+06	5.39197e+06	5.56104e+06	7.74507e+06	7.63101e+06	7.7124e+06	7.63362e+06	7.28597e+06	7.06304e+06	5.98127e+06	479,308
2Mba	103,459	89,196.8	255,383	249,177	383,556	380,782	473,583	453,047	561,789	514,729	546,829	444,811	387,320	32,346.8	33,588.3	28,958	82,910.9	80,896.1	124,523	123,622	153,750	147,083	182,386	167,108	177,530	144,409	125,745	10,501.5
10Ta	9.00709e+06	8.06785e+06	7.31987e+06	6.61059e+06	5.9554e+06	5.4869e+06	4.98936e+06	4.18408e+06	3.52493e+06	2.8499e+06	2.47129e+06	2.14878e+06	1.50244e+06	32,346.8	112,871	101,101	91,728	82,839.7	74,629.4	68,758.4	62,523.5	52,432.3	44,172.2	35,713.1	30,968.7	26,927.1	18,827.6	405.349
10Tb	4.04564e+06	3.61808e+06	3.20006e+06	2.86571e+06	2.64702e+06	2.44709e+06	2.20985e+06	1.87443e+06	1.58189e+06	1.32678e+06	1.12987e+06	1.03068e+06	774,518	32,346.8	51,301.1	45,879.4	40,578.7	36,338.9	33,565.8	31,030.5	28,022.2	23,769	20,059.3	16,824.3	14,327.4	13,069.6	9,821.35	410.177
10Tba	-66,198.7	49,188.7	164,806	227,082	330,728	354,838	336,513	419,031	409,656	381,273	370,399	339,482	360,193	32,346.8	-551.559	409.834	1,373.14	1,892.02	2,755.58	2,956.46	2,803.78	3,491.31	3,413.2	3,176.72	3,086.12	2,828.52	3,001.08	269.509
10Tab	5,051.78	137,706	191,475	258,863	374,000	437,166	468,154	575,781	574,204	588,253	567,659	566,631	453,487	32,346.8	54.1917	1,477.2	2,054	2,776.88	4,011.99	4,689.58	5,022	6,176.54	6,159.62	6,310.33	6,089.41	6,078.39	4,864.66	346.992
40Db	4.51603e+06	3.97419e+06	3.56987e+06	3.22478e+06	2.93855e+06	2.70099e+06	2.47969e+06	2.07422e+06	1.77205e+06	1.4536e+06	1.22383e+06	1.03099e+06	752,256	32,346.8	58,259.7	51,269.6	46,053.5	41,601.8	37,909.2	34,844.5	31,989.6	26,758.7	22,860.5	18,752.4	15,788.2	13,300.4	9,704.58	417.294
xx2	9.12255e+06	8.03459e+06	7.21063e+06	6.46213e+06	5.86439e+06	5.41005e+06	4.91104e+06	4.01655e+06	3.3873e+06	2.76799e+06	2.33393e+06	1.98306e+06	1.43675e+06	32,346.8	364,104	320,681	287,795	257,920	234,063	215,929	196,012	160,311	135,196	110,478	93,153.2	79,148.8	57,344.2	1,291.04
40Da	8.89363e+06	7.78453e+06	6.90389e+06	6.20083e+06	5.56509e+06	5.03487e+06	4.51677e+06	3.74105e+06	3.12894e+06	2.57428e+06	2.14383e+06	1.74105e+06	1.239e+06	32,346.8	108,470	94,942.5	84,202	75,627.3	67,873.5	61,406.8	55,087.9	45,627	38,161.5	31,396.7	26,146.9	21,234.3	15,111.2	394.511
35Ea	7.52872e+06	6.665e+06	5.98173e+06	5.32653e+06	4.79592e+06	4.38334e+06	3.87673e+06	3.25893e+06	2.6584e+06	2.17127e+06	1.76455e+06	1.47251e+06	1.1166e+06	32,346.8	122,032	108,032	96,957	86,336.9	77,736.4	71,048.9	62,837.3	52,823.5	43,089.6	35,193.8	28,601.3	23,867.6	18,098.8	524.304
40Dab	287,835	275,581	373,955	318,958	412,681	464,026	429,279	400,140	415,590	370,767	352,078	323,141	256,905	32,346.8	1.3652e+10	1.30708e+10	1.77367e+10	1.51282e+10	1.95735e+10	2.20088e+10	2.03607e+10	1.89786e+10	1.97115e+10	1.75855e+10	1.66991e+10	1.53266e+10	1.2185e+10	1.53421e+09
40Dba	12,660.4	63,967.2	145,197	242,460	352,835	341,211	359,632	430,955	436,793	425,085	360,980	327,554	278,067	32,346.8	5,013.55	25,331.2	57,498.3	96,014.8	139,724	135,121	142,415	170,660	172,972	168,335	142,949	129,713	110,116	12,809.4
54Ga	5.77815e+06	5.0117e+06	4.4972e+06	3.98833e+06	3.59092e+06	3.21495e+06	2.95308e+06	2.36868e+06	1.94721e+06	1.73742e+06	1.41809e+06	1.15122e+06	782,677	32,346.8	93,349.6	80,967.1	72,655	64,433.8	58,013.5	51,939.4	47,708.8	38,267.5	31,458.3	28,069.1	22,910.1	18,598.6	12,644.6	522.582
54Gb	5.00749e+06	4.46601e+06	4.04557e+06	3.60062e+06	3.26679e+06	2.93955e+06	2.68816e+06	2.15463e+06	1.85183e+06	1.57404e+06	1.32683e+06	1.09654e+06	839,321	32,346.8	50,637.9	45,162.2	40,910.5	36,411	33,035.2	29,725.9	27,183.8	21,788.5	18,726.5	15,917.4	13,417.4	11,088.6	8,487.57	327.104
54Gab	-36,916.3	-4,660.55	253,965	346,780	435,077	436,378	542,469	747,881	586,718	757,449	679,217	605,035	535,146	32,346.8	-13,421.7	-1,694.44	92,334	126,079	158,181	158,654	197,226	271,908	213,313	275,386	246,943	219,973	194,563	11,760.3
54Gba	63,039.8	108,734	147,097	254,007	377,850	308,930	383,058	340,457	456,310	447,497	541,558	427,210	386,687	32,346.8	25,292.8	43,626	59,018	101,913	151,601	123,949	153,690	136,598	183,081	179,544	217,284	171,405	155,146	12,978.1
36Ga	6.73936e+06	5.92238e+06	5.34571e+06	4.78143e+06	4.32449e+06	3.8241e+06	3.49958e+06	2.84281e+06	2.3148e+06	1.9645e+06	1.65723e+06	1.34601e+06	997,672	32,346.8	103,555	91,001	82,140.2	73,469.7	66,448.6	58,759.6	53,773.3	43,681.5	35,568.4	30,185.7	25,464.3	20,682.3	15,329.9	497.029
36Gb	4.70929e+06	4.34614e+06	3.90515e+06	3.57569e+06	3.22014e+06	2.99222e+06	2.77551e+06	2.27655e+06	1.93311e+06	1.74183e+06	1.44941e+06	1.22722e+06	909,982	32,346.8	87,381.7	80,643.4	72,460.7	66,347.6	59,750.3	55,521.2	51,500.1	42,241.8	35,869.3	32,320	26,894.1	22,771.4	16,884.9	600.201
76Gb	1.41111e+07	1.33295e+07	1.25187e+07	1.18259e+07	1.11258e+07	1.06068e+07	1.00179e+07	9.0332e+06	8.14974e+06	7.36282e+06	6.70141e+06	6.08778e+06	5.0603e+06	32,346.8	146,186	138,089	129,689	122,512	115,259	109,882	103,782	93,580.8	84,428.5	76,276.3	69,424.2	63,067.3	52,423	335.101
23Ta	1.4515e+07	1.33973e+07	1.23743e+07	1.15431e+07	1.07963e+07	1.0019e+07	9.49439e+06	8.31103e+06	7.35929e+06	6.63783e+06	5.8744e+06	5.262e+06	4.2783e+06	32,346.8	233,659	215,666	199,198	185,817	173,795	161,283	152,838	133,789	118,468	106,854	94,564.5	84,706.3	68,870.9	520.71
36Gab	-6,094.69	104,762	212,260	259,311	273,105	355,209	415,055	338,899	357,946	437,680	378,253	342,587	295,321	32,346.8	-1,312.42	22,559.4	45,707.9	55,839.8	58,810.1	76,490.3	89,377.3	72,978.1	77,079.6	94,249.4	81,452.5	73,772.1	63,594.1	6,965.51
36Gba	306,752	345,747	330,458	395,626	391,031	353,275	357,017	385,093	329,640	338,259	328,221	299,567	264,722	32,346.8	41,599.1	46,887.2	44,813.9	53,651.3	53,028.3	47,908.1	48,415.5	52,223	44,702.9	45,871.7	44,510.4	40,624.6	35,899.3	4,386.59
11Ga	9.25705e+06	8.33833e+06	7.45489e+06	6.74101e+06	6.15816e+06	5.51955e+06	5.09519e+06	4.2166e+06	3.55219e+06	2.9712e+06	2.54311e+06	2.21261e+06	1.6278e+06	32,346.8	125,181	112,757	100,811	91,157	83,275.3	74,639.5	68,900.9	57,020	48,035.4	40,178.8	34,389.9	29,920.6	22,012.4	437.418
11Gb	4.86839e+06	4.43896e+06	3.93181e+06	3.57715e+06	3.23117e+06	2.88021e+06	2.70941e+06	2.25307e+06	1.89529e+06	1.57174e+06	1.32151e+06	1.17634e+06	887,940	32,346.8	64,273.2	58,603.8	51,908.3	47,226.1	42,658.3	38,024.9	35,770.1	29,745.4	25,021.9	20,750.4	17,446.7	15,530.1	11,722.7	427.047
11Gba	427,715	503,923	506,264	551,635	557,905	538,022	513,205	492,723	453,668	440,150	460,201	468,800	387,017	32,346.8	744,797	877,502	881,578	960,585	971,503	936,880	893,665	857,999	789,990	766,450	801,367	816,341	673,929	56,326.7
11Gab	46,005.9	191,971	232,948	325,711	375,333	344,047	419,108	433,852	478,780	431,846	407,312	414,525	357,156	32,346.8	6.29689e+11	2.62754e+12	3.18839e+12	4.45805e+12	5.13724e+12	4.70902e+12	5.73639e+12	5.93818e+12	6.55312e+12	5.91074e+12	5.57493e+12	5.67365e+12	4.88843e+12	4.42735e+11
67Ta	6.92783e+06	5.99853e+06	5.42699e+06	4.77628e+06	4.29827e+06	3.95867e+06	3.53403e+06	2.95582e+06	2.52438e+06	2.0506e+06	1.80696e+06	1.44491e+06	1.13822e+06	32,346.8	112,063	97,030.8	87,785.7	77,260	69,527.8	64,034.5	57,165.6	47,812.6	40,833.8	33,170	29,229	23,372.5	18,411.6	523.234
67Tb	6.04576e+06	5.49965e+06	4.95586e+06	4.48682e+06	4.11065e+06	3.77288e+06	3.41006e+06	2.87527e+06	2.37926e+06	2.02039e+06	1.75261e+06	1.52595e+06	1.1153e+06	32,346.8	88,336.8	80,357.4	72,411.9	65,558.6	60,062.3	55,126.9	49,825.6	42,011.7	34,764.2	29,520.7	25,608.1	22,296.3	16,296	472.631
56Tb	5.02028e+06	4.48803e+06	4.06396e+06	3.67033e+06	3.34066e+06	3.09569e+06	2.76802e+06	2.38421e+06	1.97275e+06	1.68531e+06	1.38684e+06	1.21992e+06	894,771	32,346.8	37,457.7	33,486.4	30,322.3	27,385.3	24,925.6	23,097.8	20,653	17,789.2	14,719.2	12,574.5	10,347.6	9,102.17	6,676.14	241.348
67Tab	107,602	250,604	301,893	326,360	357,268	420,318	345,096	451,314	400,905	414,792	379,881	350,325	309,003	32,346.8	849.849	1,979.3	2,384.38	2,577.62	2,821.74	3,319.71	2,725.6	3,564.52	3,166.38	3,276.06	3,000.33	2,766.9	2,440.53	255.478
56Ta	6.69962e+06	5.92643e+06	5.29463e+06	4.65469e+06	4.18698e+06	3.76364e+06	3.44409e+06	2.80277e+06	2.36251e+06	1.86479e+06	1.55708e+06	1.28071e+06	886,887	32,346.8	98,080.1	86,760.8	77,511.5	68,143	61,295.9	55,098.4	50,420.2	41,031.5	34,586.3	27,299.9	22,795.1	18,749.1	12,983.7	473.546
56Tba	-3,249.73	99,106.4	267,359	255,540	375,296	368,420	429,275	429,687	558,211	435,952	480,696	374,141	307,976	32,346.8	-62.5274	1,906.89	5,144.19	4,916.79	7,220.99	7,088.7	8,259.6	8,267.52	10,740.4	8,388.07	9,248.97	7,198.77	5,925.71	622.378
xx4	170,696	280,519	397,216	432,116	575,209	602,156	644,865	653,648	715,051	595,639	658,975	527,145	419,414	32,346.8	3,001.81	4,933.13	6,985.34	7,599.08	10,115.5	10,589.3	11,340.4	11,494.9	12,574.7	10,474.7	11,588.5	9,270.23	7,375.7	568.841
56Tab	204,543	234,282	304,493	304,120	335,076	399,320	314,905	424,066	400,871	329,663	328,094	267,923	209,867	32,346.8	3,347.43	3,834.13	4,983.16	4,977.05	5,483.66	6,535.04	5,153.56	6,940.02	6,560.42	5,395.08	5,369.4	4,384.67	3,434.56	529.369
68Lb	5.49986e+06	4.99818e+06	4.52822e+06	4.11795e+06	3.62808e+06	3.29941e+06	3.05637e+06	2.54312e+06	2.15625e+06	1.77764e+06	1.52079e+06	1.32744e+06	979,342	32,346.8	65,563.3	59,582.8	53,980.5	49,089.6	43,249.9	39,331.9	36,434.6	30,316.3	25,704.4	21,191	18,129.2	15,824.3	11,674.6	385.602
29Aa	8.19656e+06	7.20686e+06	6.43627e+06	5.69187e+06	5.11148e+06	4.55487e+06	4.25495e+06	3.46566e+06	2.84329e+06	2.35658e+06	1.96411e+06	1.61618e+06	1.12918e+06	32,346.8	108,115	95,060.3	84,896	75,077.1	67,421.7	60,079.9	56,123.8	45,712.9	37,503.8	31,083.9	25,907.1	21,317.8	14,894.2	426.662
29Ab	5.12052e+06	4.70874e+06	4.27568e+06	3.95329e+06	3.74956e+06	3.3799e+06	3.23287e+06	2.78098e+06	2.40732e+06	2.07419e+06	1.82582e+06	1.61035e+06	1.18644e+06	32,346.8	68,538.6	63,026.8	57,230.3	52,915.1	50,188.1	45,240.2	43,272.2	37,223.7	32,222.2	27,763.2	24,438.7	21,554.6	15,880.6	432.964
68Lba	-16,838.9	76,437.8	130,591	252,106	215,355	359,137	340,474	394,623	445,218	414,800	375,653	411,048	336,926	32,346.8	-199.989	907.823	1,550.97	2,994.17	2,557.69	4,265.33	4,043.68	4,686.78	5,287.68	4,926.41	4,461.49	4,881.85	4,001.54	384.17
29Aab	-5,347.6	117,708	134,785	240,920	332,431	344,655	432,672	442,918	407,665	448,991	478,331	400,835	351,360	32,346.8	-73.5841	1,619.69	1,854.66	3,315.11	4,574.32	4,742.52	5,953.66	6,094.65	5,609.56	6,178.2	6,581.94	5,515.57	4,834.78	445.099
68La	6.17942e+06	5.4695e+06	4.8678e+06	4.32457e+06	3.8418e+06	3.54499e+06	3.12499e+06	2.62138e+06	2.18965e+06	1.82518e+06	1.50914e+06	1.26635e+06	878,796	32,346.8	100,936	89,339.9	79,511.6	70,638.4	62,752.7	57,904.6	51,044.2	42,818.1	35,766.1	29,812.8	24,650.6	20,684.8	14,354.4	528.359
68Lab	33,832.5	142,657	200,134	288,205	298,399	298,017	361,126	433,998	385,336	414,713	420,511	346,857	274,643	32,346.8	696.784	2,938.04	4,121.77	5,935.61	6,145.56	6,137.69	7,437.44	8,938.24	7,936.03	8,541.05	8,660.47	7,143.56	5,656.3	666.185
55Ra	8.2957e+06	7.40955e+06	6.58861e+06	5.97839e+06	5.33074e+06	4.80393e+06	4.36673e+06	3.70619e+06	3.06346e+06	2.58141e+06	2.16734e+06	1.84335e+06	1.32716e+06	32,346.8	116,898	104,411	92,842.5	84,243.8	75,117.5	67,694	61,533.2	52,225.3	43,168.3	36,375.7	30,540.8	25,975.3	18,701.5	455.811
55Rb	5.47614e+06	5.03725e+06	4.54526e+06	4.20135e+06	3.77901e+06	3.35328e+06	3.20813e+06	2.68053e+06	2.33034e+06	1.98271e+06	1.6623e+06	1.39543e+06	1.05789e+06	32,346.8	94,343.6	86,782.3	78,306.3	72,381.4	65,105.2	57,770.7	55,270	46,180.4	40,147.3	34,158.3	28,638.3	24,040.7	18,225.5	557.274
55Rba	75,546.1	805,972	762,655	930,703	956,022	581,028	1.05043e+06	1.09263e+06	969,857	1.00767e+06	820,782	884,008	780,547	32,346.8	1,005.76	10,730	10,153.4	12,390.6	12,727.7	7,735.33	13,984.6	14,546.4	12,911.9	13,415.2	10,927.2	11,769	10,391.6	430.639
41Qa	7.77804e+06	6.87624e+06	6.11146e+06	5.49948e+06	4.86994e+06	4.3378e+06	4.04141e+06	3.2886e+06	2.68726e+06	2.21584e+06	1.86054e+06	1.58896e+06	1.04274e+06	32,346.8	120,807	106,800	94,921.5	85,416.5	75,638.6	67,373.5	62,770	51,077.6	41,737.7	34,415.8	28,897.5	24,679.3	16,195.5	502.401
59Da	7.25109e+06	6.40138e+06	5.63314e+06	5.11348e+06	4.61503e+06	4.02719e+06	3.79648e+06	3.07777e+06	2.53444e+06	2.11186e+06	1.78205e+06	1.45829e+06	967,413	32,346.8	112,954	99,717.6	87,750.4	79,655.3	71,890.8	62,733.6	59,139.8	47,944.1	39,480.4	32,897.5	27,760	22,716.5	15,069.9	503.883
55Rab	10,522.4	108,412	230,896	301,373	374,336	356,459	455,111	424,965	491,276	458,917	461,624	382,989	370,310	32,346.8	70.0315	721.535	1,536.73	2,005.78	2,491.39	2,372.41	3,028.99	2,828.36	3,269.69	3,054.32	3,072.34	2,548.98	2,464.6	215.284
59Db	5.03812e+06	4.42727e+06	4.02174e+06	3.60702e+06	3.26378e+06	3.0666e+06	2.78902e+06	2.33692e+06	2.01698e+06	1.63383e+06	1.41089e+06	1.19326e+06	863,235	32,346.8	57,364.6	50,409.4	45,792	41,070	37,161.8	34,916.7	31,756.2	26,608.4	22,965.6	18,602.9	16,064.6	13,586.6	9,828.9	368.304
59Dab	27,767.7	87,312.9	161,402	147,744	258,783	333,982	401,277	452,411	444,946	423,177	407,885	351,868	292,746	32,346.8	1.39157e+12	4.37566e+12	8.0886e+12	7.40414e+12	1.29688e+13	1.67374e+13	2.01098e+13	2.26724e+13	2.22983e+13	2.12074e+13	2.0441e+13	1.76338e+13	1.46709e+13	1.62105e+12
2Ma	8.32591e+06	7.30248e+06	6.58904e+06	5.95542e+06	5.43434e+06	4.86866e+06	4.43767e+06	3.69907e+06	3.17243e+06	2.64286e+06	2.25824e+06	1.84461e+06	1.34157e+06	32,346.8	129,762	113,812	102,692	92,817.2	84,695.9	75,879.6	69,162.6	57,651.1	49,443.3	41,189.8	35,195.3	28,748.8	20,908.7	504.135
20Sa	8.32671e+06	7.38246e+06	6.6999e+06	5.96322e+06	5.3833e+06	4.94705e+06	4.47436e+06	3.68898e+06	3.07504e+06	2.61231e+06	2.22448e+06	1.89551e+06	1.35511e+06	32,346.8	121,873	108,053	98,062.8	87,280.4	78,792.4	72,407.2	65,488.7	53,993.7	45,007.7	38,234.9	32,558.4	27,743.6	19,834	473.442
26Na	8.56262e+06	7.66529e+06	6.87109e+06	6.17872e+06	5.4823e+06	4.99708e+06	4.56099e+06	3.79465e+06	3.14855e+06	2.6415e+06	2.23612e+06	1.93154e+06	1.37219e+06	32,346.8	123,607	110,653	99,188.5	89,193.8	79,140.6	72,136	65,840.9	54,778.1	45,451.3	38,131.7	32,279.8	27,883	19,808.4	466.946
xx7	2.91371e+06	2.56683e+06	2.28279e+06	2.07809e+06	1.86664e+06	1.64038e+06	1.54904e+06	1.26249e+06	1.04522e+06	865,610	743,730	603,735	408,306	32,346.8	-1.05714e+06	-931,287	-828,234	-753,964	-677,248	-595,158	-562,016	-458,053	-379,222	-314,058	-269,838	-219,045	-148,140	-11,736
2Mb	5.48559e+06	5.00739e+06	4.56336e+06	4.25578e+06	3.94959e+06	3.61442e+06	3.4802e+06	2.93739e+06	2.55352e+06	2.25462e+06	1.96154e+06	1.72946e+06	1.38198e+06	32,346.8	58,189.2	53,116.6	48,406.5	45,143.8	41,895.9	38,340.5	36,916.7	31,158.8	27,086.8	23,916.2	20,807.3	18,345.5	14,659.6	343.123
77Ga	1.86441e+07	1.81286e+07	1.75516e+07	1.69648e+07	1.65103e+07	1.59444e+07	1.55334e+07	1.45838e+07	1.36874e+07	1.28762e+07	1.22048e+07	1.14868e+07	1.02506e+07	32,346.8	228,848	222,521	215,438	208,235	202,657	195,710	190,665	179,009	168,006	158,049	149,808	140,995	125,821	397.042
34Ka	8.32884e+06	7.43351e+06	6.65895e+06	5.96416e+06	5.34444e+06	4.83304e+06	4.28488e+06	3.61821e+06	2.95399e+06	2.4329e+06	2.0546e+06	1.72329e+06	1.16883e+06	32,346.8	119,252	106,432	95,342.3	85,394.4	76,521.3	69,199.1	61,350.6	51,805.2	42,295	34,834	29,417.6	24,673.8	16,735.2	463.139
