RES	R1a	R1b	kab	kba
2M_25C	1.72,0.03	1.11,0.02	0.09,0.02	0.28,0.02
10T_25C	1.64,0.03	1.41,0.03	0.12,0.02	0.37,0.02
36G_25C	1.89,0.03	1.39,0.03	0.05,0.02	0.28,0.02
54G_25C	1.76,0.02	1.49,0.02	0.13,0.02	0.22,0.02
56T_25C	1.85,0.05	1.82,0.05	0.13,0.03	0.07,0.03
68L_25C	1.79,0.02	1.47,0.02	0.14,0.02	0.28,0.02
2M_30C	1.73,0.03	1.08,0.03	0.31,0.02	0.47,0.02
10T_30C	1.70,0.03	1.20,0.03	0.26,0.03	0.75,0.03
36G_30C	1.84,0.03	1.32,0.03	0.33,0.02	0.46,0.02
54G_30C	1.79,0.04	1.31,0.04	0.47,0.03	0.77,0.03
56T_30C	1.83,0.03	1.48,0.03	0.41,0.03	0.45,0.03
68L_30C	1.80,0.03	1.51,0.03	0.38,0.02	0.42,0.02
2M_35C	1.68,0.03	1.04,0.03	0.69,0.03	0.61,0.02
10T_35C	1.72,0.03	1.29,0.03	0.61,0.02	0.69,0.02
36G_35C	1.60,0.05	1.27,0.04	1.03,0.04	0.70,0.04
54G_35C	1.78,0.03	1.42,0.03	0.80,0.03	0.62,0.03
56T_35C	1.69,0.04	1.56,0.03	1.07,0.03	0.57,0.03
68L_35C	1.77,0.04	1.51,0.03	0.79,0.03	0.54,0.03
2M_40C	0.84,0.05	0.95,0.03	2.61,0.05	0.91,0.04
10T_40C	1.18,0.02	1.08,0.02	2.25,0.03	1.20,0.02
36G_40C	1.56,0.09	1.22,0.06	1.98,0.08	0.78,0.07
54G_40C	1.58,0.04	1.37,0.03	1.90,0.04	0.93,0.04
56T_40C	1.49,0.05	1.50,0.03	2.02,0.04	0.61,0.04
68L_40C	1.86,0.05	0.85,0.03	1.80,0.04	0.94,0.04
